name: git-diff
channels:
  - anaconda
  - conda-forge
  - defaults
dependencies:
  - altgraph=0.17.4=pyhd8ed1ab_0
  - bzip2=1.0.8=he774522_0
  - ca-certificates=2023.11.17=h56e8100_0
  - colorama=0.4.6=py312haa95532_0
  - configparser=5.0.2=pyhd3eb1b0_0
  - expat=2.5.0=hd77b12b_0
  - future=0.18.3=pyhd8ed1ab_0
  - gitdb=4.0.11=pyhd8ed1ab_0
  - gitpython=3.1.41=pyhd8ed1ab_0
  - importlib-metadata=7.0.1=pyha770c72_0
  - importlib_metadata=7.0.1=hd8ed1ab_0
  - libexpat=2.5.0=h63175ca_1
  - libffi=3.4.4=hd77b12b_0
  - libsqlite=3.44.2=hcfcfb64_0
  - libzlib=1.2.13=hcfcfb64_5
  - openssl=3.2.0=hcfcfb64_1
  - packaging=23.2=pyhd8ed1ab_0
  - pefile=2023.2.7=pyhd8ed1ab_0
  - pip=23.3=py312haa95532_0
  - prompt-toolkit=3.0.36=pyha770c72_0
  - prompt_toolkit=3.0.36=hd8ed1ab_0
  - pyinstaller=6.3.0=py312h3bd2d22_1
  - pyinstaller-hooks-contrib=2023.12=pyhd8ed1ab_1
  - python=3.12.1=h2628c8c_1_cpython
  - python_abi=3.12=4_cp312
  - pywin32=306=py312h53d5487_2
  - pywin32-ctypes=0.2.2=py312h2e8e312_1
  - questionary=2.0.1=pyhd8ed1ab_1
  - setuptools=68.0.0=py312haa95532_0
  - smmap=5.0.0=pyhd8ed1ab_0
  - sqlite=3.41.2=h2bbff1b_0
  - tk=8.6.13=h5226925_1
  - typing_extensions=4.9.0=pyha770c72_0
  - tzdata=2023c=h04d1e81_0
  - ucrt=10.0.22621.0=h57928b3_0
  - vc=14.2=h21ff451_1
  - vc14_runtime=14.38.33130=h82b7239_18
  - vs2015_runtime=14.38.33130=hcb4865c_18
  - wcwidth=0.2.13=pyhd8ed1ab_0
  - wheel=0.41.2=py312haa95532_0
  - xz=5.4.2=h8cc25b3_0
  - zipp=3.17.0=pyhd8ed1ab_0
  - zlib=1.2.13=hcfcfb64_5

